1149.048	0
1827.055	287
1827.336	3183
1829.475	6079
1829.530	12823
1915.511	14271
1915.615	15719
1936.616	17167
1936.704	18615
1936.874	20063
1937.056	21511
1937.208	22959
1937.387	24407
1945.529	25855
1945.677	27303
1945.832	28751
1946.022	30199
1946.173	31647
1946.343	33095
2008.860	34543
2008.915	35991
2010.651	37439
2010.721	40335
2040.304	41783
2040.440	43231
2040.618	44679
2040.747	46127
2040.907	47575
2041.085	49023
2041.334	50471
2108.838	53367
2109.112	56263
2109.424	60607
2115.118	64951
2115.421	67847
2156.194	70743
2156.323	72191
2156.531	75087
2156.730	76535
2156.823	77983
2156.877	78836
