90.588	0
184.232	287
187.099	3183
188.445	6079
188.497	12823
283.828	14271
288.724	17167
288.870	18615
290.215	22959
290.337	25855
380.835	28751
380.980	30199
488.724	31647
573.620	35991
575.240	44183
575.294	47575
575.395	49023
575.528	50471
575.687	51919
575.842	53367
576.012	54815
659.870	56263
663.548	57711
663.661	59159
663.873	60607
663.986	62055
664.163	63503
664.330	64951
664.479	66399
746.352	67847
760.169	69295
760.263	70743
760.427	72191
760.581	73639
760.742	75087
760.922	76535
761.082	77983
832.762	78836
