118.715	0
211.490	287
212.009	4631
212.803	7527
212.854	12823
299.883	15719
308.878	18615
309.059	20063
309.136	21511
311.744	24407
311.887	25855
312.029	27303
386.374	28751
386.434	30199
386.583	31647
386.768	33095
397.117	34543
397.191	35991
397.405	37439
397.519	38887
405.122	40335
405.212	41783
405.408	43231
405.547	44679
475.561	46127
475.666	47575
475.832	49023
475.977	50471
476.120	51919
492.988	53367
493.098	54815
493.252	56263
493.427	57711
493.588	59159
698.228	60607
698.286	62055
698.463	63503
698.660	64951
698.803	66399
702.299	69295
702.362	75087
702.956	77983
702.977	78836
