86.519	0
178.819	287
179.345	8479
179.463	11375
179.568	12823
266.720	14271
271.420	15719
271.504	17167
271.671	18615
271.830	20063
271.997	21511
272.166	22959
272.478	24407
272.539	25855
362.714	28751
362.849	30199
362.997	31647
363.110	33095
363.226	34543
363.390	35991
363.580	37439
363.703	38887
450.714	40335
451.010	43231
453.441	44679
456.186	46127
456.409	49023
539.144	50471
539.218	51919
539.389	53367
539.548	54815
539.717	56263
543.459	57711
543.547	59159
543.761	60607
543.885	62055
629.652	63503
629.804	64951
629.981	66399
630.139	67847
630.307	69295
630.595	70743
630.748	72191
632.541	73639
632.582	78836
