1198.971	0
1291.884	287
1292.544	1735
1294.905	6079
1300.619	9927
1304.447	12823
1491.219	14271
1491.304	15719
1491.486	17167
1491.641	18615
1491.819	20063
1491.985	21511
1492.145	22959
1492.323	24407
1492.479	25855
1650.384	28751
1650.687	31647
1650.859	33095
1658.414	37439
1658.588	38887
1743.021	40335
1745.768	43231
1745.905	46127
1747.897	47575
1764.467	49023
1764.618	51919
1832.706	53367
1833.895	54815
1834.099	60607
1889.171	62055
1889.375	63503
1889.550	64951
1889.841	66399
1889.952	67847
1988.952	69295
1988.990	70743
1989.217	72191
1989.338	73639
1989.491	75087
1989.671	76535
1989.836	77983
1990.025	78836
