90.602	0
194.538	287
198.750	1735
296.473	9927
296.561	18119
296.606	21511
378.168	22959
384.608	24407
397.070	27303
397.191	33095
473.303	34543
473.352	35991
486.414	37439
486.470	38887
486.709	40335
486.880	41783
488.019	44679
562.130	46127
562.193	47575
562.974	49023
581.396	50471
581.479	51919
582.174	53367
588.205	54815
588.311	56263
589.169	57711
652.350	60607
652.419	62055
672.453	63503
673.083	64951
673.251	66399
677.964	67847
678.100	69295
678.266	70743
741.654	73639
741.773	75087
742.412	76535
761.791	78836
