86.255	0
700.415	287
700.933	4631
704.716	7527
704.761	12823
795.426	14271
795.528	15719
795.831	17167
798.037	20063
798.076	21511
798.713	24407
798.737	27303
798.773	28751
1120.270	30199
1123.272	31647
1210.169	33095
1212.402	34543
1212.532	35991
1213.427	44183
1213.522	50471
1213.566	51919
1213.657	53367
1309.131	56263
1309.257	57711
1310.180	59159
1310.405	60607
1311.515	63503
1315.601	66399
1315.805	67847
1401.513	69295
1401.941	70743
1413.251	72191
1428.169	73639
1428.357	75087
1434.645	77983
1434.754	78836
