2216.454	0
2310.952	287
2311.340	7527
2311.451	8479
2311.816	9927
2312.000	12823
2400.615	14271
2404.110	15719
2404.279	18615
2404.448	21511
2404.507	28751
2496.861	30199
2498.561	31647
2498.590	33095
2560.746	34543
2563.054	35991
2563.219	37439
2563.378	38887
2664.514	40335
2664.802	43231
2664.949	44679
2670.936	46127
2671.166	50471
2762.902	53367
2763.117	56263
2766.034	59159
2766.806	60607
2766.944	62055
2767.158	63503
2767.278	64951
2767.431	66399
2767.585	67847
2856.067	69295
2862.243	70743
2862.459	72191
2868.581	73639
2868.796	76535
2868.858	78836
