92.697	0
188.567	287
188.814	3183
188.904	4631
189.039	6079
189.205	7527
189.316	8479
189.481	9927
189.660	11375
189.837	12823
278.479	14271
299.552	15719
299.613	17167
299.759	18615
300.029	20063
300.287	22959
300.610	25855
300.655	27303
401.351	28751
401.637	30199
401.960	31647
402.284	33095
402.713	34543
408.423	35991
408.636	37439
408.887	38887
409.133	40335
409.399	41783
502.753	46127
515.045	49023
515.180	51919
594.285	54815
594.400	59159
621.575	60607
621.692	62055
621.948	63503
622.179	64951
622.417	66399
683.057	67847
683.156	69295
684.304	70743
684.353	72191
772.163	73639
772.291	75087
774.095	77983
774.141	78836
