166.231	0
270.858	287
271.190	1735
275.084	3183
275.264	11375
275.373	12823
473.982	15719
474.163	17167
474.869	21511
474.950	22959
567.385	24407
567.589	25855
567.813	27303
568.037	28751
568.274	30199
576.095	31647
576.331	33095
576.594	34543
576.818	35991
771.879	37439
789.298	38887
791.523	40335
791.770	41783
792.025	43231
792.076	50471
792.251	51919
874.237	53367
875.061	54815
876.501	56263
879.416	57711
885.862	59159
891.423	60607
959.102	62055
959.290	63503
959.556	64951
959.864	66399
974.736	67847
1133.625	76039
1133.712	78836
