199.747	0
303.727	287
303.963	4631
304.132	6079
304.333	7527
304.401	8479
304.578	9927
304.747	11375
304.915	12823
389.479	14271
391.579	15719
391.699	17167
394.530	21511
401.727	24407
401.775	27303
483.332	28751
483.382	30199
483.562	31647
483.728	33095
483.891	34543
498.172	35991
498.247	37439
498.427	38887
498.578	40335
569.245	41783
569.412	43231
569.739	44679
569.958	46127
583.017	47575
584.194	50471
584.235	51919
655.014	53367
656.801	54815
656.882	59159
667.158	60607
667.285	62055
667.450	63503
667.609	64951
744.192	66399
744.325	67847
744.486	69295
744.649	70743
744.805	72191
753.038	73639
754.543	75087
760.009	77983
760.043	78836
