222.715	0
364.925	287
365.336	6079
365.456	7527
383.394	8479
383.435	12823
475.563	14271
475.968	15719
476.135	17167
476.284	18615
476.471	20063
484.549	21511
484.690	22959
485.032	24407
485.252	25855
576.086	28751
576.232	30199
603.247	34543
603.606	37439
605.759	40335
606.190	41783
694.021	44679
694.166	46127
697.815	49023
697.883	50471
741.314	54815
745.661	56263
787.800	59159
788.042	60607
880.824	62055
880.962	63503
890.868	66399
890.934	74591
890.969	75087
893.178	76535
901.777	77983
976.642	78836
