146.698	0
248.696	287
248.917	3183
248.965	4631
249.156	6079
249.334	7527
249.395	8479
249.640	9927
249.740	11375
249.999	12823
347.303	15719
347.475	17167
347.611	18615
351.867	24407
353.878	27303
451.193	28751
451.312	30199
451.386	31647
451.557	33095
451.719	34543
451.890	35991
452.049	37439
452.207	38887
452.379	40335
541.662	41783
541.731	43231
549.739	44679
549.871	46127
550.013	47575
550.191	49023
551.927	51919
636.243	54815
637.608	57711
643.786	59159
646.852	60607
647.127	62055
647.330	63503
647.578	64951
647.839	66399
648.098	67847
648.412	69295
726.850	70743
726.974	72191
728.066	75087
747.859	76535
748.073	78836
